1  aardvark  0  0.002070393  0  0.001848429  1  0.005025126  0  0.002061856  
2  accused  0  0.002070393  1  0.005545287  0  0.001675042  0  0.002061856  
3  acquires  1  0.006211180  0  0.001848429  0  0.001675042  0  0.002061856  
4  advice  0  0.002070393  0  0.001848429  0  0.001675042  1  0.006185567  
5  age  0  0.002070393  0  0.001848429  0  0.001675042  1  0.006185567  
6  ajax  0  0.002070393  0  0.001848429  1  0.005025126  0  0.002061856  
7  anyone  0  0.002070393  2  0.009242144  0  0.001675042  0  0.002061856  
8  app  0  0.002070393  0  0.001848429  3  0.011725293  0  0.002061856  
9  apple  1  0.006211180  1  0.005545287  0  0.001675042  0  0.002061856  
10  applicant  0  0.002070393  1  0.005545287  0  0.001675042  0  0.002061856  
11  aproaches  0  0.002070393  1  0.005545287  0  0.001675042  0  0.002061856  
12  arc  0  0.002070393  1  0.005545287  0  0.001675042  0  0.002061856  
13  around  0  0.002070393  1  0.005545287  0  0.001675042  0  0.002061856  
14  article  0  0.002070393  0  0.001848429  0  0.001675042  1  0.006185567  
15  ask  0  0.002070393  25  0.094269871  0  0.001675042  1  0.006185567  
16  asking  0  0.002070393  0  0.001848429  0  0.001675042  1  0.006185567  
17  assemble  0  0.002070393  0  0.001848429  0  0.001675042  1  0.006185567  
18  ban  0  0.002070393  0  0.001848429  0  0.001675042  1  0.006185567  
19  bare  0  0.002070393  0  0.001848429  0  0.001675042  1  0.006185567  
20  bbc  1  0.006211180  0  0.001848429  0  0.001675042  0  0.002061856  
21  beautiful  1  0.006211180  0  0.001848429  0  0.001675042  0  0.002061856  
22  becoming  0  0.002070393  1  0.005545287  0  0.001675042  0  0.002061856  
23  best  1  0.006211180  0  0.001848429  0  0.001675042  0  0.002061856  
24  better  0  0.002070393  0  0.001848429  1  0.005025126  0  0.002061856  
25  bike  0  0.002070393  0  0.001848429  1  0.005025126  0  0.002061856  
26  blender  0  0.002070393  0  0.001848429  1  0.005025126  0  0.002061856  
27  blog  0  0.002070393  0  0.001848429  0  0.001675042  1  0.006185567  
28  bloggers  0  0.002070393  1  0.005545287  0  0.001675042  0  0.002061856  
29  boom  1  0.006211180  0  0.001848429  0  0.001675042  0  0.002061856  
30  broadcast  1  0.006211180  0  0.001848429  0  0.001675042  0  0.002061856  
31  browser  0  0.002070393  0  0.001848429  0  0.001675042  1  0.006185567  
32  bubble  1  0.006211180  0  0.001848429  0  0.001675042  0  0.002061856  
33  build  0  0.002070393  0  0.001848429  0  0.001675042  1  0.006185567  
34  building  1  0.006211180  0  0.001848429  0  0.001675042  0  0.002061856  
35  built  0  0.002070393  0  0.001848429  1  0.005025126  0  0.002061856  
36  bullshit  0  0.002070393  1  0.005545287  0  0.001675042  0  0.002061856  
37  business  1  0.006211180  0  0.001848429  0  0.001675042  0  0.002061856  
38  button  0  0.002070393  0  0.001848429  0  0.001675042  1  0.006185567  
39  buy  1  0.006211180  0  0.001848429  0  0.001675042  0  0.002061856  
40  c  0  0.002070393  0  0.001848429  1  0.005025126  0  0.002061856  
41  cable  2  0.010351967  0  0.001848429  0  0.001675042  0  0.002061856  
42  capital  1  0.006211180  0  0.001848429  0  0.001675042  0  0.002061856  
43  changing  0  0.002070393  0  0.001848429  0  0.001675042  1  0.006185567  
44  check  0  0.002070393  0  0.001848429  1  0.005025126  0  0.002061856  
45  checkout  0  0.002070393  0  0.001848429  1  0.005025126  0  0.002061856  
46  choosing  0  0.002070393  1  0.005545287  0  0.001675042  0  0.002061856  
47  clone  0  0.002070393  0  0.001848429  2  0.008375209  0  0.002061856  
48  code  0  0.002070393  0  0.001848429  2  0.008375209  0  0.002061856  
49  come  1  0.006211180  0  0.001848429  0  0.001675042  1  0.006185567  
50  comments  0  0.002070393  0  0.001848429  1  0.005025126  0  0.002061856  
51  companies  1  0.006211180  0  0.001848429  0  0.001675042  0  0.002061856  
52  company  1  0.006211180  0  0.001848429  1  0.005025126  0  0.002061856  
53  cool  1  0.006211180  0  0.001848429  0  0.001675042  0  0.002061856  
54  cost  0  0.002070393  0  0.001848429  0  0.001675042  1  0.006185567  
55  could  1  0.006211180  1  0.005545287  0  0.001675042  0  0.002061856  
56  coworking  0  0.002070393  1  0.005545287  0  0.001675042  0  0.002061856  
57  cracking  0  0.002070393  0  0.001848429  1  0.005025126  0  0.002061856  
58  creating  0  0.002070393  0  0.001848429  0  0.001675042  1  0.006185567  
59  days  1  0.006211180  0  0.001848429  0  0.001675042  0  0.002061856  
60  dead  1  0.006211180  0  0.001848429  0  0.001675042  0  0.002061856  
61  deal  1  0.006211180  0  0.001848429  0  0.001675042  0  0.002061856  
62  demo  0  0.002070393  0  0.001848429  1  0.005025126  0  0.002061856  
63  desktop  1  0.006211180  0  0.001848429  0  0.001675042  0  0.002061856  
64  details  0  0.002070393  0  0.001848429  0  0.001675042  1  0.006185567  
65  developer  1  0.006211180  0  0.001848429  0  0.001675042  0  0.002061856  
66  dilemma  1  0.006211180  0  0.001848429  0  0.001675042  0  0.002061856  
67  dot-com  1  0.006211180  0  0.001848429  0  0.001675042  0  0.002061856  
68  downmod  0  0.002070393  0  0.001848429  0  0.001675042  1  0.006185567  
69  downvote  0  0.002070393  0  0.001848429  0  0.001675042  1  0.006185567  
70  draws  0  0.002070393  0  0.001848429  1  0.005025126  0  0.002061856  
71  drive  0  0.002070393  0  0.001848429  1  0.005025126  0  0.002061856  
72  early  1  0.006211180  0  0.001848429  0  0.001675042  0  0.002061856  
73  echoed  1  0.006211180  0  0.001848429  0  0.001675042  0  0.002061856  
74  effect  0  0.002070393  1  0.005545287  0  0.001675042  0  0.002061856  
75  engine  0  0.002070393  0  0.001848429  1  0.005025126  0  0.002061856  
76  episodes  0  0.002070393  1  0.005545287  0  0.001675042  0  0.002061856  
77  ever  1  0.006211180  0  0.001848429  0  0.001675042  0  0.002061856  
78  exercise  0  0.002070393  0  0.001848429  1  0.005025126  0  0.002061856  
79  explicit  0  0.002070393  0  0.001848429  0  0.001675042  1  0.006185567  
80  face  0  0.002070393  0  0.001848429  1  0.005025126  0  0.002061856  
81  fame  0  0.002070393  0  0.001848429  1  0.005025126  0  0.002061856  
82  faster  0  0.002070393  0  0.001848429  2  0.008375209  0  0.002061856  
83  favorite  0  0.002070393  2  0.009242144  0  0.001675042  0  0.002061856  
84  favourite  0  0.002070393  0  0.001848429  0  0.001675042  1  0.006185567  
85  featured  1  0.006211180  0  0.001848429  0  0.001675042  0  0.002061856  
86  feld  1  0.006211180  0  0.001848429  0  0.001675042  0  0.002061856  
87  filter  0  0.002070393  1  0.005545287  0  0.001675042  0  0.002061856  
88  find  0  0.002070393  0  0.001848429  1  0.005025126  0  0.002061856  
89  flash  0  0.002070393  1  0.005545287  0  0.001675042  0  0.002061856  
90  format  0  0.002070393  1  0.005545287  0  0.001675042  0  0.002061856  
91  frame  0  0.002070393  0  0.001848429  1  0.005025126  0  0.002061856  
92  framework  0  0.002070393  1  0.005545287  0  0.001675042  0  0.002061856  
93  future  1  0.006211180  0  0.001848429  0  0.001675042  0  0.002061856  
94  gender  0  0.002070393  0  0.001848429  0  0.001675042  1  0.006185567  
95  giving  0  0.002070393  1  0.005545287  0  0.001675042  0  0.002061856  
96  glee  0  0.002070393  0  0.001848429  1  0.005025126  0  0.002061856  
97  gleebox  0  0.002070393  0  0.001848429  1  0.005025126  0  0.002061856  
98  glsl  0  0.002070393  0  0.001848429  1  0.005025126  0  0.002061856  
99  going  1  0.006211180  1  0.005545287  0  0.001675042  0  0.002061856  
100  golf  0  0.002070393  1  0.005545287  0  0.001675042  0  0.002061856  
101  google  2  0.010351967  0  0.001848429  0  0.001675042  0  0.002061856  
102  guide  1  0.006211180  0  0.001848429  0  0.001675042  0  0.002061856  
103  guys  0  0.002070393  1  0.005545287  0  0.001675042  0  0.002061856  
104  hacker  0  0.002070393  0  0.001848429  1  0.005025126  0  0.002061856  
105  hacking  0  0.002070393  0  0.001848429  1  0.005025126  0  0.002061856  
106  haiku  0  0.002070393  0  0.001848429  1  0.005025126  0  0.002061856  
107  handling  0  0.002070393  0  0.001848429  1  0.005025126  0  0.002061856  
108  happen  0  0.002070393  0  0.001848429  0  0.001675042  1  0.006185567  
109  hardest  1  0.006211180  0  0.001848429  0  0.001675042  0  0.002061856  
110  helped  0  0.002070393  0  0.001848429  1  0.005025126  0  0.002061856  
111  hn  0  0.002070393  25  0.094269871  26  0.088777219  0  0.002061856  
112  homepage  0  0.002070393  0  0.001848429  1  0.005025126  0  0.002061856  
113  hooked  0  0.002070393  0  0.001848429  1  0.005025126  0  0.002061856  
114  html  0  0.002070393  0  0.001848429  0  0.001675042  1  0.006185567  
115  im  0  0.002070393  0  0.001848429  1  0.005025126  0  0.002061856  
116  implement  0  0.002070393  1  0.005545287  0  0.001675042  0  0.002061856  
117  inkling  1  0.006211180  0  0.001848429  0  0.001675042  0  0.002061856  
118  insane  0  0.002070393  0  0.001848429  0  0.001675042  1  0.006185567  
119  inspired  0  0.002070393  1  0.005545287  0  0.001675042  0  0.002061856  
120  interview  1  0.006211180  0  0.001848429  1  0.005025126  0  0.002061856  
121  ipo  1  0.006211180  0  0.001848429  0  0.001675042  0  0.002061856  
122  ipod  0  0.002070393  1  0.005545287  0  0.001675042  0  0.002061856  
123  irr  1  0.006211180  0  0.001848429  0  0.001675042  0  0.002061856  
124  jetsetter  0  0.002070393  0  0.001848429  1  0.005025126  0  0.002061856  
125  job  0  0.002070393  0  0.001848429  0  0.001675042  1  0.006185567  
126  jstartup  0  0.002070393  0  0.001848429  1  0.005025126  0  0.002061856  
127  karma  0  0.002070393  0  0.001848429  0  0.001675042  1  0.006185567  
128  keyboard  0  0.002070393  0  0.001848429  1  0.005025126  0  0.002061856  
129  kind  1  0.006211180  0  0.001848429  0  0.001675042  0  0.002061856  
130  know  0  0.002070393  1  0.005545287  0  0.001675042  0  0.002061856  
131  language  0  0.002070393  1  0.005545287  0  0.001675042  0  0.002061856  
132  languages  0  0.002070393  0  0.001848429  0  0.001675042  1  0.006185567  
133  latest  0  0.002070393  0  0.001848429  1  0.005025126  0  0.002061856  
134  launch  0  0.002070393  0  0.001848429  1  0.005025126  0  0.002061856  
135  learn  1  0.006211180  0  0.001848429  0  0.001675042  0  0.002061856  
136  less  1  0.006211180  0  0.001848429  0  0.001675042  0  0.002061856  
137  lessons  1  0.006211180  0  0.001848429  0  0.001675042  0  0.002061856  
138  light  1  0.006211180  0  0.001848429  0  0.001675042  0  0.002061856  
139  list  0  0.002070393  0  0.001848429  1  0.005025126  0  0.002061856  
140  look  0  0.002070393  0  0.001848429  0  0.001675042  1  0.006185567  
141  lurk  0  0.002070393  0  0.001848429  0  0.001675042  1  0.006185567  
142  macheist  0  0.002070393  0  0.001848429  1  0.005025126  0  0.002061856  
143  make  0  0.002070393  1  0.005545287  0  0.001675042  0  0.002061856  
144  managing  0  0.002070393  0  0.001848429  1  0.005025126  0  0.002061856  
145  markets  1  0.006211180  0  0.001848429  0  0.001675042  0  0.002061856  
146  meet  0  0.002070393  0  0.001848429  1  0.005025126  0  0.002061856  
147  message  0  0.002070393  0  0.001848429  1  0.005025126  0  0.002061856  
148  metal  0  0.002070393  0  0.001848429  0  0.001675042  1  0.006185567  
149  metrics  0  0.002070393  1  0.005545287  0  0.001675042  0  0.002061856  
150  minute  0  0.002070393  0  0.001848429  1  0.005025126  0  0.002061856  
151  mouse  0  0.002070393  0  0.001848429  0  0.001675042  1  0.006185567  
152  mp3  0  0.002070393  1  0.005545287  0  0.001675042  0  0.002061856  
153  myspace  1  0.006211180  0  0.001848429  0  0.001675042  0  0.002061856  
154  native  0  0.002070393  0  0.001848429  1  0.005025126  0  0.002061856  
155  ndas  1  0.006211180  0  0.001848429  0  0.001675042  0  0.002061856  
156  need  0  0.002070393  0  0.001848429  0  0.001675042  1  0.006185567  
157  network  1  0.006211180  0  0.001848429  0  0.001675042  0  0.002061856  
158  new  2  0.010351967  0  0.001848429  3  0.011725293  0  0.002061856  
159  news  0  0.002070393  0  0.001848429  2  0.008375209  1  0.006185567  
160  newsyc  0  0.002070393  1  0.005545287  0  0.001675042  2  0.010309278  
161  next  0  0.002070393  1  0.005545287  1  0.005025126  0  0.002061856  
162  nifty  0  0.002070393  0  0.001848429  1  0.005025126  0  0.002061856  
163  nodejs  0  0.002070393  0  0.001848429  1  0.005025126  0  0.002061856  
164  notepad  1  0.006211180  0  0.001848429  0  0.001675042  0  0.002061856  
165  novel  0  0.002070393  1  0.005545287  0  0.001675042  0  0.002061856  
166  nyc  1  0.006211180  0  0.001848429  0  0.001675042  0  0.002061856  
167  obliged  0  0.002070393  0  0.001848429  0  0.001675042  1  0.006185567  
168  ok  0  0.002070393  0  0.001848429  0  0.001675042  1  0.006185567  
169  one  0  0.002070393  0  0.001848429  1  0.005025126  0  0.002061856  
170  online  1  0.006211180  0  0.001848429  1  0.005025126  0  0.002061856  
171  open  0  0.002070393  1  0.005545287  0  0.001675042  0  0.002061856  
172  openid  0  0.002070393  1  0.005545287  0  0.001675042  0  0.002061856  
173  organiser  1  0.006211180  0  0.001848429  0  0.001675042  0  0.002061856  
174  os  0  0.002070393  0  0.001848429  0  0.001675042  1  0.006185567  
175  owners  0  0.002070393  1  0.005545287  0  0.001675042  0  0.002061856  
176  pastebin  0  0.002070393  0  0.001848429  1  0.005025126  0  0.002061856  
177  patches  0  0.002070393  0  0.001848429  1  0.005025126  0  0.002061856  
178  pedal  0  0.002070393  0  0.001848429  1  0.005025126  0  0.002061856  
179  people  0  0.002070393  1  0.005545287  1  0.005025126  1  0.006185567  
180  perl  0  0.002070393  0  0.001848429  1  0.005025126  0  0.002061856  
181  pet  0  0.002070393  0  0.001848429  1  0.005025126  0  0.002061856  
182  photos  1  0.006211180  0  0.001848429  0  0.001675042  0  0.002061856  
183  photoshow  1  0.006211180  0  0.001848429  0  0.001675042  0  0.002061856  
184  pitch  0  0.002070393  1  0.005545287  0  0.001675042  0  0.002061856  
185  play  0  0.002070393  1  0.005545287  0  0.001675042  0  0.002061856  
186  player  0  0.002070393  1  0.005545287  0  0.001675042  0  0.002061856  
187  pligg  0  0.002070393  0  0.001848429  1  0.005025126  0  0.002061856  
188  podcast  0  0.002070393  1  0.005545287  0  0.001675042  0  0.002061856  
189  policies  0  0.002070393  1  0.005545287  0  0.001675042  0  0.002061856  
190  poll  0  0.002070393  0  0.001848429  0  0.001675042  25  0.105154639  
191  polls  0  0.002070393  0  0.001848429  0  0.001675042  3  0.014432990  
192  post  0  0.002070393  0  0.001848429  0  0.001675042  1  0.006185567  
193  privacy  0  0.002070393  1  0.005545287  0  0.001675042  0  0.002061856  
194  project  0  0.002070393  0  0.001848429  5  0.018425461  0  0.002061856  
195  projects  0  0.002070393  0  0.001848429  1  0.005025126  0  0.002061856  
196  purely  1  0.006211180  0  0.001848429  0  0.001675042  0  0.002061856  
197  pydroid  0  0.002070393  0  0.001848429  1  0.005025126  0  0.002061856  
198  python  0  0.002070393  1  0.005545287  0  0.001675042  0  0.002061856  
199  question  1  0.006211180  1  0.005545287  0  0.001675042  0  0.002061856  
200  raises  1  0.006211180  1  0.005545287  0  0.001675042  0  0.002061856  
201  recruiter  0  0.002070393  1  0.005545287  0  0.001675042  0  0.002061856  
202  regarding  1  0.006211180  0  0.001848429  0  0.001675042  0  0.002061856  
203  relevant  0  0.002070393  0  0.001848429  0  0.001675042  1  0.006185567  
204  review  0  0.002070393  0  0.001848429  1  0.005025126  0  0.002061856  
205  rosen  1  0.006211180  0  0.001848429  0  0.001675042  0  0.002061856  
206  round  0  0.002070393  1  0.005545287  0  0.001675042  0  0.002061856  
207  running  0  0.002070393  1  0.005545287  0  0.001675042  1  0.006185567  
208  s2008  0  0.002070393  1  0.005545287  0  0.001675042  0  0.002061856  
209  salaries  1  0.006211180  0  0.001848429  0  0.001675042  0  0.002061856  
210  script  0  0.002070393  1  0.005545287  1  0.005025126  0  0.002061856  
211  scrybe  1  0.006211180  0  0.001848429  0  0.001675042  0  0.002061856  
212  series  0  0.002070393  1  0.005545287  0  0.001675042  0  0.002061856  
213  sevin  1  0.006211180  0  0.001848429  0  0.001675042  0  0.002061856  
214  share  0  0.002070393  1  0.005545287  0  0.001675042  1  0.006185567  
215  shovebox  0  0.002070393  0  0.001848429  1  0.005025126  0  0.002061856  
216  show  0  0.002070393  0  0.001848429  27  0.092127303  0  0.002061856  
217  sick  0  0.002070393  1  0.005545287  0  0.001675042  0  0.002061856  
218  side  0  0.002070393  1  0.005545287  0  0.001675042  0  0.002061856  
219  silicon  1  0.006211180  0  0.001848429  0  0.001675042  0  0.002061856  
220  site  0  0.002070393  1  0.005545287  0  0.001675042  0  0.002061856  
221  small  1  0.006211180  0  0.001848429  0  0.001675042  0  0.002061856  
222  smart  0  0.002070393  0  0.001848429  0  0.001675042  1  0.006185567  
223  sms  0  0.002070393  0  0.001848429  1  0.005025126  0  0.002061856  
224  social  1  0.006211180  0  0.001848429  0  0.001675042  0  0.002061856  
225  software  1  0.006211180  0  0.001848429  0  0.001675042  0  0.002061856  
226  someone  0  0.002070393  0  0.001848429  0  0.001675042  1  0.006185567  
227  sony  0  0.002070393  1  0.005545287  0  0.001675042  0  0.002061856  
228  source  0  0.002070393  1  0.005545287  1  0.005025126  0  0.002061856  
229  spec  0  0.002070393  0  0.001848429  1  0.005025126  0  0.002061856  
230  speckle  0  0.002070393  0  0.001848429  1  0.005025126  0  0.002061856  
231  stand  0  0.002070393  1  0.005545287  0  0.001675042  0  0.002061856  
232  start  1  0.006211180  1  0.005545287  0  0.001675042  0  0.002061856  
233  startup  0  0.002070393  1  0.005545287  0  0.001675042  3  0.014432990  
234  startups  2  0.010351967  1  0.005545287  0  0.001675042  0  0.002061856  
235  stock  0  0.002070393  1  0.005545287  0  0.001675042  0  0.002061856  
236  stories  0  0.002070393  0  0.001848429  0  0.001675042  1  0.006185567  
237  story  1  0.006211180  0  0.001848429  0  0.001675042  0  0.002061856  
238  students  1  0.006211180  0  0.001848429  0  0.001675042  0  0.002061856  
239  submit  0  0.002070393  0  0.001848429  0  0.001675042  1  0.006185567  
240  support  0  0.002070393  0  0.001848429  0  0.001675042  1  0.006185567  
241  taught  0  0.002070393  0  0.001848429  1  0.005025126  0  0.002061856  
242  tech  0  0.002070393  1  0.005545287  0  0.001675042  0  0.002061856  
243  testing  0  0.002070393  0  0.001848429  1  0.005025126  0  0.002061856  
244  text  0  0.002070393  0  0.001848429  1  0.005025126  0  0.002061856  
245  thoughts  0  0.002070393  0  0.001848429  1  0.005025126  0  0.002061856  
246  times  1  0.006211180  0  0.001848429  0  0.001675042  0  0.002061856  
247  tonight  1  0.006211180  0  0.001848429  0  0.001675042  0  0.002061856  
248  trackball  0  0.002070393  0  0.001848429  0  0.001675042  1  0.006185567  
249  trackpad  0  0.002070393  0  0.001848429  0  0.001675042  1  0.006185567  
250  traffic  0  0.002070393  0  0.001848429  1  0.005025126  0  0.002061856  
251  trolling  0  0.002070393  0  0.001848429  0  0.001675042  1  0.006185567  
252  turn  0  0.002070393  1  0.005545287  0  0.001675042  0  0.002061856  
253  turns  0  0.002070393  0  0.001848429  1  0.005025126  0  0.002061856  
254  tv  2  0.010351967  0  0.001848429  1  0.005025126  0  0.002061856  
255  twilio  0  0.002070393  0  0.001848429  1  0.005025126  0  0.002061856  
256  unfunds  1  0.006211180  0  0.001848429  0  0.001675042  0  0.002061856  
257  unit  0  0.002070393  0  0.001848429  1  0.005025126  0  0.002061856  
258  upmod  0  0.002070393  0  0.001848429  0  0.001675042  1  0.006185567  
259  upvote  0  0.002070393  0  0.001848429  0  0.001675042  1  0.006185567  
260  use  0  0.002070393  1  0.005545287  0  0.001675042  0  0.002061856  
261  users  1  0.006211180  0  0.001848429  0  0.001675042  0  0.002061856  
262  using  0  0.002070393  0  0.001848429  0  0.001675042  1  0.006185567  
263  valleywag  0  0.002070393  0  0.001848429  0  0.001675042  1  0.006185567  
264  vc  0  0.002070393  1  0.005545287  0  0.001675042  0  0.002061856  
265  vc-backed  1  0.006211180  0  0.001848429  0  0.001675042  0  0.002061856  
266  viral  1  0.006211180  0  0.001848429  0  0.001675042  0  0.002061856  
267  virtual  1  0.006211180  0  0.001848429  0  0.001675042  0  0.002061856  
268  voddler  1  0.006211180  0  0.001848429  0  0.001675042  0  0.002061856  
269  vs2010  0  0.002070393  0  0.001848429  1  0.005025126  0  0.002061856  
270  want  0  0.002070393  1  0.005545287  0  0.001675042  0  0.002061856  
271  wasnt  0  0.002070393  0  0.001848429  0  0.001675042  1  0.006185567  
272  way  1  0.006211180  0  0.001848429  0  0.001675042  0  0.002061856  
273  web  1  0.006211180  1  0.005545287  1  0.005025126  0  0.002061856  
274  webapp  0  0.002070393  1  0.005545287  0  0.001675042  1  0.006185567  
275  weed  0  0.002070393  1  0.005545287  0  0.001675042  0  0.002061856  
276  weekend  1  0.006211180  0  0.001848429  3  0.011725293  0  0.002061856  
277  weekendr  1  0.006211180  0  0.001848429  0  0.001675042  0  0.002061856  
278  whats  0  0.002070393  0  0.001848429  0  0.001675042  1  0.006185567  
279  wired  1  0.006211180  0  0.001848429  0  0.001675042  0  0.002061856  
280  woah  1  0.006211180  0  0.001848429  0  0.001675042  0  0.002061856  
281  world  0  0.002070393  0  0.001848429  0  0.001675042  1  0.006185567  
282  would  0  0.002070393  1  0.005545287  0  0.001675042  3  0.014432990  
283  woz  1  0.006211180  0  0.001848429  0  0.001675042  0  0.002061856  
284  wrote  0  0.002070393  0  0.001848429  1  0.005025126  0  0.002061856  
285  xbox  0  0.002070393  0  0.001848429  1  0.005025126  0  0.002061856  
286  yc  0  0.002070393  0  0.001848429  0  0.001675042  3  0.014432990  
287  ycnews  0  0.002070393  0  0.001848429  0  0.001675042  1  0.006185567  
288  york  1  0.006211180  0  0.001848429  0  0.001675042  0  0.002061856  
289  youtube  4  0.018633540  0  0.001848429  0  0.001675042  0  0.002061856  
