1  aardvark  0  0.001855288  0  0.001697793  1  0.004709576  0  0.001912046  
2  acceptable  0  0.001855288  1  0.005093379  0  0.001569859  0  0.001912046  
3  accused  0  0.001855288  1  0.005093379  0  0.001569859  0  0.001912046  
4  acquires  1  0.005565863  0  0.001697793  0  0.001569859  0  0.001912046  
5  acquisition  1  0.005565863  0  0.001697793  0  0.001569859  0  0.001912046  
6  advice  0  0.001855288  0  0.001697793  0  0.001569859  1  0.005736138  
7  age  0  0.001855288  0  0.001697793  0  0.001569859  1  0.005736138  
8  ajax  0  0.001855288  0  0.001697793  1  0.004709576  0  0.001912046  
9  announcement  1  0.005565863  0  0.001697793  0  0.001569859  0  0.001912046  
10  anyone  0  0.001855288  2  0.008488964  0  0.001569859  0  0.001912046  
11  app  0  0.001855288  0  0.001697793  3  0.010989011  0  0.001912046  
12  apple  1  0.005565863  1  0.005093379  0  0.001569859  0  0.001912046  
13  applicant  0  0.001855288  1  0.005093379  0  0.001569859  0  0.001912046  
14  aproaches  0  0.001855288  1  0.005093379  0  0.001569859  0  0.001912046  
15  arc  0  0.001855288  1  0.005093379  0  0.001569859  0  0.001912046  
16  around  0  0.001855288  1  0.005093379  0  0.001569859  0  0.001912046  
17  article  0  0.001855288  0  0.001697793  0  0.001569859  1  0.005736138  
18  ask  0  0.001855288  25  0.086587436  0  0.001569859  1  0.005736138  
19  asking  0  0.001855288  0  0.001697793  0  0.001569859  1  0.005736138  
20  assemble  0  0.001855288  0  0.001697793  0  0.001569859  1  0.005736138  
21  autoposting  0  0.001855288  1  0.005093379  0  0.001569859  0  0.001912046  
22  ban  0  0.001855288  0  0.001697793  0  0.001569859  1  0.005736138  
23  bare  0  0.001855288  0  0.001697793  0  0.001569859  1  0.005736138  
24  bbc  1  0.005565863  0  0.001697793  0  0.001569859  0  0.001912046  
25  beautiful  1  0.005565863  0  0.001697793  0  0.001569859  0  0.001912046  
26  becoming  0  0.001855288  1  0.005093379  0  0.001569859  0  0.001912046  
27  best  1  0.005565863  0  0.001697793  0  0.001569859  0  0.001912046  
28  better  0  0.001855288  0  0.001697793  1  0.004709576  0  0.001912046  
29  bike  0  0.001855288  0  0.001697793  1  0.004709576  0  0.001912046  
30  blender  0  0.001855288  0  0.001697793  1  0.004709576  0  0.001912046  
31  blog  0  0.001855288  0  0.001697793  0  0.001569859  1  0.005736138  
32  bloggers  0  0.001855288  1  0.005093379  0  0.001569859  0  0.001912046  
33  boom  1  0.005565863  0  0.001697793  0  0.001569859  0  0.001912046  
34  broadcast  1  0.005565863  0  0.001697793  0  0.001569859  0  0.001912046  
35  browser  0  0.001855288  0  0.001697793  0  0.001569859  1  0.005736138  
36  bubble  1  0.005565863  0  0.001697793  0  0.001569859  0  0.001912046  
37  build  0  0.001855288  0  0.001697793  0  0.001569859  1  0.005736138  
38  building  1  0.005565863  0  0.001697793  0  0.001569859  0  0.001912046  
39  built  0  0.001855288  0  0.001697793  1  0.004709576  0  0.001912046  
40  bullshit  0  0.001855288  1  0.005093379  0  0.001569859  0  0.001912046  
41  business  1  0.005565863  0  0.001697793  0  0.001569859  0  0.001912046  
42  button  0  0.001855288  0  0.001697793  0  0.001569859  1  0.005736138  
43  buy  1  0.005565863  0  0.001697793  0  0.001569859  0  0.001912046  
44  c  0  0.001855288  0  0.001697793  1  0.004709576  0  0.001912046  
45  cable  2  0.009276438  0  0.001697793  0  0.001569859  0  0.001912046  
46  capital  1  0.005565863  0  0.001697793  0  0.001569859  0  0.001912046  
47  changing  0  0.001855288  0  0.001697793  0  0.001569859  1  0.005736138  
48  check  0  0.001855288  0  0.001697793  1  0.004709576  0  0.001912046  
49  checkout  0  0.001855288  0  0.001697793  1  0.004709576  0  0.001912046  
50  choosing  0  0.001855288  1  0.005093379  0  0.001569859  0  0.001912046  
51  clone  0  0.001855288  0  0.001697793  2  0.007849294  0  0.001912046  
52  code  0  0.001855288  0  0.001697793  2  0.007849294  0  0.001912046  
53  combinator  1  0.005565863  0  0.001697793  0  0.001569859  0  0.001912046  
54  come  1  0.005565863  0  0.001697793  0  0.001569859  1  0.005736138  
55  comments  0  0.001855288  0  0.001697793  1  0.004709576  0  0.001912046  
56  companies  1  0.005565863  0  0.001697793  0  0.001569859  0  0.001912046  
57  company  1  0.005565863  0  0.001697793  1  0.004709576  0  0.001912046  
58  consulting  0  0.001855288  1  0.005093379  0  0.001569859  0  0.001912046  
59  contribute  1  0.005565863  0  0.001697793  0  0.001569859  0  0.001912046  
60  cool  1  0.005565863  0  0.001697793  0  0.001569859  0  0.001912046  
61  cost  0  0.001855288  0  0.001697793  0  0.001569859  1  0.005736138  
62  could  1  0.005565863  1  0.005093379  0  0.001569859  0  0.001912046  
63  coworking  0  0.001855288  1  0.005093379  0  0.001569859  0  0.001912046  
64  cracking  0  0.001855288  0  0.001697793  1  0.004709576  0  0.001912046  
65  creating  0  0.001855288  0  0.001697793  0  0.001569859  1  0.005736138  
66  crowd-sourcing  0  0.001855288  0  0.001697793  1  0.004709576  0  0.001912046  
67  data-mining  0  0.001855288  1  0.005093379  0  0.001569859  0  0.001912046  
68  days  1  0.005565863  0  0.001697793  0  0.001569859  0  0.001912046  
69  dead  1  0.005565863  0  0.001697793  0  0.001569859  0  0.001912046  
70  deal  1  0.005565863  0  0.001697793  0  0.001569859  0  0.001912046  
71  demo  0  0.001855288  0  0.001697793  1  0.004709576  0  0.001912046  
72  desktop  1  0.005565863  0  0.001697793  0  0.001569859  0  0.001912046  
73  details  0  0.001855288  0  0.001697793  0  0.001569859  1  0.005736138  
74  developer  1  0.005565863  0  0.001697793  0  0.001569859  0  0.001912046  
75  development  0  0.001855288  1  0.005093379  0  0.001569859  0  0.001912046  
76  dilemma  1  0.005565863  0  0.001697793  0  0.001569859  0  0.001912046  
77  documentation  0  0.001855288  1  0.005093379  0  0.001569859  0  0.001912046  
78  dot-com  1  0.005565863  0  0.001697793  0  0.001569859  0  0.001912046  
79  downmod  0  0.001855288  0  0.001697793  0  0.001569859  1  0.005736138  
80  downvote  0  0.001855288  0  0.001697793  0  0.001569859  1  0.005736138  
81  draws  0  0.001855288  0  0.001697793  1  0.004709576  0  0.001912046  
82  drive  0  0.001855288  0  0.001697793  1  0.004709576  0  0.001912046  
83  early  1  0.005565863  0  0.001697793  0  0.001569859  0  0.001912046  
84  echoed  1  0.005565863  0  0.001697793  0  0.001569859  0  0.001912046  
85  effect  0  0.001855288  1  0.005093379  0  0.001569859  0  0.001912046  
86  encouraging  1  0.005565863  0  0.001697793  0  0.001569859  0  0.001912046  
87  engine  0  0.001855288  0  0.001697793  1  0.004709576  0  0.001912046  
88  episodes  0  0.001855288  1  0.005093379  0  0.001569859  0  0.001912046  
89  ever  1  0.005565863  0  0.001697793  0  0.001569859  0  0.001912046  
90  exercise  0  0.001855288  0  0.001697793  1  0.004709576  0  0.001912046  
91  explicit  0  0.001855288  0  0.001697793  0  0.001569859  1  0.005736138  
92  extraordinary  0  0.001855288  1  0.005093379  0  0.001569859  0  0.001912046  
93  face  0  0.001855288  0  0.001697793  1  0.004709576  0  0.001912046  
94  fame  0  0.001855288  0  0.001697793  1  0.004709576  0  0.001912046  
95  faster  0  0.001855288  0  0.001697793  2  0.007849294  0  0.001912046  
96  favorite  0  0.001855288  2  0.008488964  0  0.001569859  0  0.001912046  
97  favourite  0  0.001855288  0  0.001697793  0  0.001569859  1  0.005736138  
98  featured  1  0.005565863  0  0.001697793  0  0.001569859  0  0.001912046  
99  feld  1  0.005565863  0  0.001697793  0  0.001569859  0  0.001912046  
100  filter  0  0.001855288  1  0.005093379  0  0.001569859  0  0.001912046  
101  find  0  0.001855288  0  0.001697793  1  0.004709576  0  0.001912046  
102  flash  0  0.001855288  1  0.005093379  0  0.001569859  0  0.001912046  
103  format  0  0.001855288  1  0.005093379  0  0.001569859  0  0.001912046  
104  frame  0  0.001855288  0  0.001697793  1  0.004709576  0  0.001912046  
105  framework  0  0.001855288  1  0.005093379  0  0.001569859  0  0.001912046  
106  future  1  0.005565863  0  0.001697793  0  0.001569859  0  0.001912046  
107  gender  0  0.001855288  0  0.001697793  0  0.001569859  1  0.005736138  
108  giving  0  0.001855288  1  0.005093379  0  0.001569859  0  0.001912046  
109  glee  0  0.001855288  0  0.001697793  1  0.004709576  0  0.001912046  
110  gleebox  0  0.001855288  0  0.001697793  1  0.004709576  0  0.001912046  
111  glsl  0  0.001855288  0  0.001697793  1  0.004709576  0  0.001912046  
112  going  1  0.005565863  1  0.005093379  0  0.001569859  0  0.001912046  
113  golf  0  0.001855288  1  0.005093379  0  0.001569859  0  0.001912046  
114  google  2  0.009276438  0  0.001697793  0  0.001569859  0  0.001912046  
115  guide  1  0.005565863  0  0.001697793  0  0.001569859  0  0.001912046  
116  guys  0  0.001855288  1  0.005093379  0  0.001569859  0  0.001912046  
117  hacker  0  0.001855288  0  0.001697793  1  0.004709576  0  0.001912046  
118  hacking  0  0.001855288  0  0.001697793  1  0.004709576  0  0.001912046  
119  haiku  0  0.001855288  0  0.001697793  1  0.004709576  0  0.001912046  
120  handling  0  0.001855288  0  0.001697793  1  0.004709576  0  0.001912046  
121  happen  0  0.001855288  0  0.001697793  0  0.001569859  1  0.005736138  
122  hardest  1  0.005565863  0  0.001697793  0  0.001569859  0  0.001912046  
123  helped  0  0.001855288  0  0.001697793  1  0.004709576  0  0.001912046  
124  hn  0  0.001855288  25  0.086587436  26  0.083202512  0  0.001912046  
125  homepage  0  0.001855288  0  0.001697793  1  0.004709576  0  0.001912046  
126  hooked  0  0.001855288  0  0.001697793  1  0.004709576  0  0.001912046  
127  html  0  0.001855288  0  0.001697793  0  0.001569859  1  0.005736138  
128  illuminate  1  0.005565863  0  0.001697793  0  0.001569859  0  0.001912046  
129  im  0  0.001855288  0  0.001697793  1  0.004709576  0  0.001912046  
130  implement  0  0.001855288  1  0.005093379  0  0.001569859  0  0.001912046  
131  inequality  1  0.005565863  0  0.001697793  0  0.001569859  0  0.001912046  
132  inkling  1  0.005565863  0  0.001697793  0  0.001569859  0  0.001912046  
133  insane  0  0.001855288  0  0.001697793  0  0.001569859  1  0.005736138  
134  inspired  0  0.001855288  1  0.005093379  0  0.001569859  0  0.001912046  
135  intelligence  1  0.005565863  0  0.001697793  0  0.001569859  0  0.001912046  
136  interested  0  0.001855288  0  0.001697793  0  0.001569859  1  0.005736138  
137  interview  1  0.005565863  0  0.001697793  1  0.004709576  0  0.001912046  
138  ipo  1  0.005565863  0  0.001697793  0  0.001569859  0  0.001912046  
139  ipod  0  0.001855288  1  0.005093379  0  0.001569859  0  0.001912046  
140  irr  1  0.005565863  0  0.001697793  0  0.001569859  0  0.001912046  
141  jetsetter  0  0.001855288  0  0.001697793  1  0.004709576  0  0.001912046  
142  job  0  0.001855288  0  0.001697793  0  0.001569859  1  0.005736138  
143  journalists  0  0.001855288  0  0.001697793  1  0.004709576  0  0.001912046  
144  jstartup  0  0.001855288  0  0.001697793  1  0.004709576  0  0.001912046  
145  karma  0  0.001855288  0  0.001697793  0  0.001569859  1  0.005736138  
146  keyboard  0  0.001855288  0  0.001697793  1  0.004709576  0  0.001912046  
147  kind  1  0.005565863  0  0.001697793  0  0.001569859  0  0.001912046  
148  know  0  0.001855288  1  0.005093379  0  0.001569859  0  0.001912046  
149  language  0  0.001855288  1  0.005093379  0  0.001569859  0  0.001912046  
150  languages  0  0.001855288  0  0.001697793  0  0.001569859  1  0.005736138  
151  latest  0  0.001855288  0  0.001697793  1  0.004709576  0  0.001912046  
152  launch  0  0.001855288  0  0.001697793  1  0.004709576  0  0.001912046  
153  learn  1  0.005565863  0  0.001697793  0  0.001569859  0  0.001912046  
154  less  1  0.005565863  0  0.001697793  0  0.001569859  0  0.001912046  
155  lessons  1  0.005565863  0  0.001697793  0  0.001569859  0  0.001912046  
156  light  1  0.005565863  0  0.001697793  0  0.001569859  0  0.001912046  
157  likebetter  1  0.005565863  0  0.001697793  0  0.001569859  0  0.001912046  
158  list  0  0.001855288  0  0.001697793  1  0.004709576  0  0.001912046  
159  look  0  0.001855288  0  0.001697793  0  0.001569859  1  0.005736138  
160  lurk  0  0.001855288  0  0.001697793  0  0.001569859  1  0.005736138  
161  macheist  0  0.001855288  0  0.001697793  1  0.004709576  0  0.001912046  
162  make  0  0.001855288  1  0.005093379  0  0.001569859  0  0.001912046  
163  managing  0  0.001855288  0  0.001697793  1  0.004709576  0  0.001912046  
164  markets  1  0.005565863  0  0.001697793  0  0.001569859  0  0.001912046  
165  meet  0  0.001855288  0  0.001697793  1  0.004709576  0  0.001912046  
166  membership  0  0.001855288  1  0.005093379  0  0.001569859  0  0.001912046  
167  message  0  0.001855288  0  0.001697793  1  0.004709576  0  0.001912046  
168  metal  0  0.001855288  0  0.001697793  0  0.001569859  1  0.005736138  
169  metrics  0  0.001855288  1  0.005093379  0  0.001569859  0  0.001912046  
170  minute  0  0.001855288  0  0.001697793  1  0.004709576  0  0.001912046  
171  mouse  0  0.001855288  0  0.001697793  0  0.001569859  1  0.005736138  
172  mp3  0  0.001855288  1  0.005093379  0  0.001569859  0  0.001912046  
173  myspace  1  0.005565863  0  0.001697793  0  0.001569859  0  0.001912046  
174  native  0  0.001855288  0  0.001697793  1  0.004709576  0  0.001912046  
175  ndas  1  0.005565863  0  0.001697793  0  0.001569859  0  0.001912046  
176  need  0  0.001855288  0  0.001697793  0  0.001569859  1  0.005736138  
177  network  1  0.005565863  0  0.001697793  0  0.001569859  0  0.001912046  
178  new  2  0.009276438  0  0.001697793  3  0.010989011  0  0.001912046  
179  news  0  0.001855288  0  0.001697793  2  0.007849294  1  0.005736138  
180  newsyc  0  0.001855288  1  0.005093379  0  0.001569859  2  0.009560229  
181  next  0  0.001855288  1  0.005093379  1  0.004709576  0  0.001912046  
182  nifty  0  0.001855288  0  0.001697793  1  0.004709576  0  0.001912046  
183  nodejs  0  0.001855288  0  0.001697793  1  0.004709576  0  0.001912046  
184  notepad  1  0.005565863  0  0.001697793  0  0.001569859  0  0.001912046  
185  novel  0  0.001855288  1  0.005093379  0  0.001569859  0  0.001912046  
186  nyc  1  0.005565863  0  0.001697793  0  0.001569859  0  0.001912046  
187  obliged  0  0.001855288  0  0.001697793  0  0.001569859  1  0.005736138  
188  ok  0  0.001855288  0  0.001697793  0  0.001569859  1  0.005736138  
189  on-the-fly  0  0.001855288  0  0.001697793  0  0.001569859  1  0.005736138  
190  one  0  0.001855288  0  0.001697793  1  0.004709576  0  0.001912046  
191  online  1  0.005565863  0  0.001697793  1  0.004709576  0  0.001912046  
192  open  0  0.001855288  1  0.005093379  0  0.001569859  0  0.001912046  
193  openid  0  0.001855288  1  0.005093379  0  0.001569859  0  0.001912046  
194  organiser  1  0.005565863  0  0.001697793  0  0.001569859  0  0.001912046  
195  os  0  0.001855288  0  0.001697793  0  0.001569859  1  0.005736138  
196  owners  0  0.001855288  1  0.005093379  0  0.001569859  0  0.001912046  
197  participation  1  0.005565863  0  0.001697793  0  0.001569859  0  0.001912046  
198  pastebin  0  0.001855288  0  0.001697793  1  0.004709576  0  0.001912046  
199  patchbincom  0  0.001855288  0  0.001697793  1  0.004709576  0  0.001912046  
200  patches  0  0.001855288  0  0.001697793  1  0.004709576  0  0.001912046  
201  pedal  0  0.001855288  0  0.001697793  1  0.004709576  0  0.001912046  
202  people  0  0.001855288  1  0.005093379  1  0.004709576  1  0.005736138  
203  perl  0  0.001855288  0  0.001697793  1  0.004709576  0  0.001912046  
204  pet  0  0.001855288  0  0.001697793  1  0.004709576  0  0.001912046  
205  photos  1  0.005565863  0  0.001697793  0  0.001569859  0  0.001912046  
206  photoshow  1  0.005565863  0  0.001697793  0  0.001569859  0  0.001912046  
207  pitch  0  0.001855288  1  0.005093379  0  0.001569859  0  0.001912046  
208  play  0  0.001855288  1  0.005093379  0  0.001569859  0  0.001912046  
209  player  0  0.001855288  1  0.005093379  0  0.001569859  0  0.001912046  
210  pligg  0  0.001855288  0  0.001697793  1  0.004709576  0  0.001912046  
211  podcast  0  0.001855288  1  0.005093379  0  0.001569859  0  0.001912046  
212  policies  0  0.001855288  1  0.005093379  0  0.001569859  0  0.001912046  
213  poll  0  0.001855288  0  0.001697793  0  0.001569859  25  0.097514340  
214  polls  0  0.001855288  0  0.001697793  0  0.001569859  3  0.013384321  
215  post  0  0.001855288  0  0.001697793  0  0.001569859  1  0.005736138  
216  prediction  1  0.005565863  0  0.001697793  0  0.001569859  0  0.001912046  
217  privacy  0  0.001855288  1  0.005093379  0  0.001569859  0  0.001912046  
218  project  0  0.001855288  0  0.001697793  5  0.017268446  0  0.001912046  
219  projects  0  0.001855288  0  0.001697793  1  0.004709576  0  0.001912046  
220  purely  1  0.005565863  0  0.001697793  0  0.001569859  0  0.001912046  
221  pydroid  0  0.001855288  0  0.001697793  1  0.004709576  0  0.001912046  
222  python  0  0.001855288  1  0.005093379  0  0.001569859  0  0.001912046  
223  question  1  0.005565863  1  0.005093379  0  0.001569859  0  0.001912046  
224  raises  1  0.005565863  1  0.005093379  0  0.001569859  0  0.001912046  
225  recognition  0  0.001855288  0  0.001697793  1  0.004709576  0  0.001912046  
226  recruiter  0  0.001855288  1  0.005093379  0  0.001569859  0  0.001912046  
227  regarding  1  0.005565863  0  0.001697793  0  0.001569859  0  0.001912046  
228  relevant  0  0.001855288  0  0.001697793  0  0.001569859  1  0.005736138  
229  review  0  0.001855288  0  0.001697793  1  0.004709576  0  0.001912046  
230  rosen  1  0.005565863  0  0.001697793  0  0.001569859  0  0.001912046  
231  round  0  0.001855288  1  0.005093379  0  0.001569859  0  0.001912046  
232  running  0  0.001855288  1  0.005093379  0  0.001569859  1  0.005736138  
233  s2008  0  0.001855288  1  0.005093379  0  0.001569859  0  0.001912046  
234  salaries  1  0.005565863  0  0.001697793  0  0.001569859  0  0.001912046  
235  scratchtop  1  0.005565863  0  0.001697793  0  0.001569859  0  0.001912046  
236  script  0  0.001855288  1  0.005093379  1  0.004709576  0  0.001912046  
237  scrybe  1  0.005565863  0  0.001697793  0  0.001569859  0  0.001912046  
238  series  0  0.001855288  1  0.005093379  0  0.001569859  0  0.001912046  
239  sevin  1  0.005565863  0  0.001697793  0  0.001569859  0  0.001912046  
240  share  0  0.001855288  1  0.005093379  0  0.001569859  1  0.005736138  
241  shovebox  0  0.001855288  0  0.001697793  1  0.004709576  0  0.001912046  
242  show  0  0.001855288  0  0.001697793  27  0.086342229  0  0.001912046  
243  sick  0  0.001855288  1  0.005093379  0  0.001569859  0  0.001912046  
244  side  0  0.001855288  1  0.005093379  0  0.001569859  0  0.001912046  
245  silicon  1  0.005565863  0  0.001697793  0  0.001569859  0  0.001912046  
246  site  0  0.001855288  1  0.005093379  0  0.001569859  0  0.001912046  
247  small  1  0.005565863  0  0.001697793  0  0.001569859  0  0.001912046  
248  smart  0  0.001855288  0  0.001697793  0  0.001569859  1  0.005736138  
249  sms  0  0.001855288  0  0.001697793  1  0.004709576  0  0.001912046  
250  snake-implemetation  0  0.001855288  0  0.001697793  1  0.004709576  0  0.001912046  
251  social  1  0.005565863  0  0.001697793  0  0.001569859  0  0.001912046  
252  sockpuppets  0  0.001855288  1  0.005093379  0  0.001569859  0  0.001912046  
253  software  1  0.005565863  0  0.001697793  0  0.001569859  0  0.001912046  
254  someone  0  0.001855288  0  0.001697793  0  0.001569859  1  0.005736138  
255  sony  0  0.001855288  1  0.005093379  0  0.001569859  0  0.001912046  
256  source  0  0.001855288  1  0.005093379  1  0.004709576  0  0.001912046  
257  spec  0  0.001855288  0  0.001697793  1  0.004709576  0  0.001912046  
258  speckle  0  0.001855288  0  0.001697793  1  0.004709576  0  0.001912046  
259  stand  0  0.001855288  1  0.005093379  0  0.001569859  0  0.001912046  
260  start  1  0.005565863  1  0.005093379  0  0.001569859  0  0.001912046  
261  startup  0  0.001855288  1  0.005093379  0  0.001569859  3  0.013384321  
262  startups  2  0.009276438  1  0.005093379  0  0.001569859  0  0.001912046  
263  stock  0  0.001855288  1  0.005093379  0  0.001569859  0  0.001912046  
264  stories  0  0.001855288  0  0.001697793  0  0.001569859  1  0.005736138  
265  story  1  0.005565863  0  0.001697793  0  0.001569859  0  0.001912046  
266  students  1  0.005565863  0  0.001697793  0  0.001569859  0  0.001912046  
267  submit  0  0.001855288  0  0.001697793  0  0.001569859  1  0.005736138  
268  successful  1  0.005565863  0  0.001697793  0  0.001569859  1  0.005736138  
269  support  0  0.001855288  0  0.001697793  0  0.001569859  1  0.005736138  
270  taught  0  0.001855288  0  0.001697793  1  0.004709576  0  0.001912046  
271  tech  0  0.001855288  1  0.005093379  0  0.001569859  0  0.001912046  
272  testing  0  0.001855288  0  0.001697793  1  0.004709576  0  0.001912046  
273  text  0  0.001855288  0  0.001697793  1  0.004709576  0  0.001912046  
274  thoughts  0  0.001855288  0  0.001697793  1  0.004709576  0  0.001912046  
275  times  1  0.005565863  0  0.001697793  0  0.001569859  0  0.001912046  
276  tonight  1  0.005565863  0  0.001697793  0  0.001569859  0  0.001912046  
277  trackball  0  0.001855288  0  0.001697793  0  0.001569859  1  0.005736138  
278  trackpad  0  0.001855288  0  0.001697793  0  0.001569859  1  0.005736138  
279  traffic  0  0.001855288  0  0.001697793  1  0.004709576  0  0.001912046  
280  trolling  0  0.001855288  0  0.001697793  0  0.001569859  1  0.005736138  
281  turn  0  0.001855288  1  0.005093379  0  0.001569859  0  0.001912046  
282  turns  0  0.001855288  0  0.001697793  1  0.004709576  0  0.001912046  
283  tv  2  0.009276438  0  0.001697793  1  0.004709576  0  0.001912046  
284  twilio  0  0.001855288  0  0.001697793  1  0.004709576  0  0.001912046  
285  unfunds  1  0.005565863  0  0.001697793  0  0.001569859  0  0.001912046  
286  unit  0  0.001855288  0  0.001697793  1  0.004709576  0  0.001912046  
287  upmod  0  0.001855288  0  0.001697793  0  0.001569859  1  0.005736138  
288  upvote  0  0.001855288  0  0.001697793  0  0.001569859  1  0.005736138  
289  use  0  0.001855288  1  0.005093379  0  0.001569859  0  0.001912046  
290  users  1  0.005565863  0  0.001697793  0  0.001569859  0  0.001912046  
291  using  0  0.001855288  0  0.001697793  0  0.001569859  1  0.005736138  
292  valleywag  0  0.001855288  0  0.001697793  0  0.001569859  1  0.005736138  
293  vc  0  0.001855288  1  0.005093379  0  0.001569859  0  0.001912046  
294  vc-backed  1  0.005565863  0  0.001697793  0  0.001569859  0  0.001912046  
295  viral  1  0.005565863  0  0.001697793  0  0.001569859  0  0.001912046  
296  virtual  1  0.005565863  0  0.001697793  0  0.001569859  0  0.001912046  
297  virtualized  0  0.001855288  0  0.001697793  0  0.001569859  1  0.005736138  
298  voddler  1  0.005565863  0  0.001697793  0  0.001569859  0  0.001912046  
299  vs2010  0  0.001855288  0  0.001697793  1  0.004709576  0  0.001912046  
300  want  0  0.001855288  1  0.005093379  0  0.001569859  0  0.001912046  
301  wasnt  0  0.001855288  0  0.001697793  0  0.001569859  1  0.005736138  
302  way  1  0.005565863  0  0.001697793  0  0.001569859  0  0.001912046  
303  web  1  0.005565863  1  0.005093379  1  0.004709576  0  0.001912046  
304  webapp  0  0.001855288  1  0.005093379  0  0.001569859  1  0.005736138  
305  weed  0  0.001855288  1  0.005093379  0  0.001569859  0  0.001912046  
306  weekend  1  0.005565863  0  0.001697793  3  0.010989011  0  0.001912046  
307  weekendr  1  0.005565863  0  0.001697793  0  0.001569859  0  0.001912046  
308  whats  0  0.001855288  0  0.001697793  0  0.001569859  1  0.005736138  
309  wired  1  0.005565863  0  0.001697793  0  0.001569859  0  0.001912046  
310  woah  1  0.005565863  0  0.001697793  0  0.001569859  0  0.001912046  
311  world  0  0.001855288  0  0.001697793  0  0.001569859  1  0.005736138  
312  would  0  0.001855288  1  0.005093379  0  0.001569859  3  0.013384321  
313  woz  1  0.005565863  0  0.001697793  0  0.001569859  0  0.001912046  
314  wrote  0  0.001855288  0  0.001697793  1  0.004709576  0  0.001912046  
315  xbox  0  0.001855288  0  0.001697793  1  0.004709576  0  0.001912046  
316  yc  0  0.001855288  0  0.001697793  0  0.001569859  3  0.013384321  
317  ycnews  0  0.001855288  0  0.001697793  0  0.001569859  1  0.005736138  
318  york  1  0.005565863  0  0.001697793  0  0.001569859  0  0.001912046  
319  youtube  4  0.016697588  0  0.001697793  0  0.001569859  0  0.001912046  
