1  aardvark  0  0.001901141  0  0.001760563  1  0.004823151  0  0.002008032  
2  acceptable  0  0.001901141  1  0.005281690  0  0.001607717  0  0.002008032  
3  accused  0  0.001901141  1  0.005281690  0  0.001607717  0  0.002008032  
4  acquires  1  0.005703422  0  0.001760563  0  0.001607717  0  0.002008032  
5  acquisition  1  0.005703422  0  0.001760563  0  0.001607717  0  0.002008032  
6  advice  0  0.001901141  0  0.001760563  0  0.001607717  1  0.006024096  
7  age  0  0.001901141  0  0.001760563  0  0.001607717  1  0.006024096  
8  ajax  0  0.001901141  0  0.001760563  1  0.004823151  0  0.002008032  
9  announcement  1  0.005703422  0  0.001760563  0  0.001607717  0  0.002008032  
10  anyone  0  0.001901141  2  0.008802817  0  0.001607717  0  0.002008032  
11  app  0  0.001901141  0  0.001760563  3  0.011254019  0  0.002008032  
12  apple  1  0.005703422  1  0.005281690  0  0.001607717  0  0.002008032  
13  applicant  0  0.001901141  1  0.005281690  0  0.001607717  0  0.002008032  
14  aproaches  0  0.001901141  1  0.005281690  0  0.001607717  0  0.002008032  
15  around  0  0.001901141  1  0.005281690  0  0.001607717  0  0.002008032  
16  article  0  0.001901141  0  0.001760563  0  0.001607717  1  0.006024096  
17  ask  0  0.001901141  25  0.089788732  0  0.001607717  1  0.006024096  
18  asking  0  0.001901141  0  0.001760563  0  0.001607717  1  0.006024096  
19  assemble  0  0.001901141  0  0.001760563  0  0.001607717  1  0.006024096  
20  autoposting  0  0.001901141  1  0.005281690  0  0.001607717  0  0.002008032  
21  ban  0  0.001901141  0  0.001760563  0  0.001607717  1  0.006024096  
22  bare  0  0.001901141  0  0.001760563  0  0.001607717  1  0.006024096  
23  bbc  1  0.005703422  0  0.001760563  0  0.001607717  0  0.002008032  
24  beautiful  1  0.005703422  0  0.001760563  0  0.001607717  0  0.002008032  
25  becoming  0  0.001901141  1  0.005281690  0  0.001607717  0  0.002008032  
26  best  1  0.005703422  0  0.001760563  0  0.001607717  0  0.002008032  
27  better  0  0.001901141  0  0.001760563  1  0.004823151  0  0.002008032  
28  bike  0  0.001901141  0  0.001760563  1  0.004823151  0  0.002008032  
29  blender  0  0.001901141  0  0.001760563  1  0.004823151  0  0.002008032  
30  blog  0  0.001901141  0  0.001760563  0  0.001607717  1  0.006024096  
31  bloggers  0  0.001901141  1  0.005281690  0  0.001607717  0  0.002008032  
32  boom  1  0.005703422  0  0.001760563  0  0.001607717  0  0.002008032  
33  broadcast  1  0.005703422  0  0.001760563  0  0.001607717  0  0.002008032  
34  browser  0  0.001901141  0  0.001760563  0  0.001607717  1  0.006024096  
35  bubble  1  0.005703422  0  0.001760563  0  0.001607717  0  0.002008032  
36  build  0  0.001901141  0  0.001760563  0  0.001607717  1  0.006024096  
37  building  1  0.005703422  0  0.001760563  0  0.001607717  0  0.002008032  
38  built  0  0.001901141  0  0.001760563  1  0.004823151  0  0.002008032  
39  bullshit  0  0.001901141  1  0.005281690  0  0.001607717  0  0.002008032  
40  business  1  0.005703422  0  0.001760563  0  0.001607717  0  0.002008032  
41  button  0  0.001901141  0  0.001760563  0  0.001607717  1  0.006024096  
42  buy  1  0.005703422  0  0.001760563  0  0.001607717  0  0.002008032  
43  c  0  0.001901141  0  0.001760563  1  0.004823151  0  0.002008032  
44  cable  2  0.009505703  0  0.001760563  0  0.001607717  0  0.002008032  
45  capital  1  0.005703422  0  0.001760563  0  0.001607717  0  0.002008032  
46  changing  0  0.001901141  0  0.001760563  0  0.001607717  1  0.006024096  
47  check  0  0.001901141  0  0.001760563  1  0.004823151  0  0.002008032  
48  checkout  0  0.001901141  0  0.001760563  1  0.004823151  0  0.002008032  
49  choosing  0  0.001901141  1  0.005281690  0  0.001607717  0  0.002008032  
50  clone  0  0.001901141  0  0.001760563  2  0.008038585  0  0.002008032  
51  code  0  0.001901141  0  0.001760563  2  0.008038585  0  0.002008032  
52  combinator  1  0.005703422  0  0.001760563  0  0.001607717  0  0.002008032  
53  come  1  0.005703422  0  0.001760563  0  0.001607717  1  0.006024096  
54  comments  0  0.001901141  0  0.001760563  1  0.004823151  0  0.002008032  
55  companies  1  0.005703422  0  0.001760563  0  0.001607717  0  0.002008032  
56  company  1  0.005703422  0  0.001760563  1  0.004823151  0  0.002008032  
57  consulting  0  0.001901141  1  0.005281690  0  0.001607717  0  0.002008032  
58  contribute  1  0.005703422  0  0.001760563  0  0.001607717  0  0.002008032  
59  cool  1  0.005703422  0  0.001760563  0  0.001607717  0  0.002008032  
60  cost  0  0.001901141  0  0.001760563  0  0.001607717  1  0.006024096  
61  coworking  0  0.001901141  1  0.005281690  0  0.001607717  0  0.002008032  
62  cracking  0  0.001901141  0  0.001760563  1  0.004823151  0  0.002008032  
63  creating  0  0.001901141  0  0.001760563  0  0.001607717  1  0.006024096  
64  crowd-sourcing  0  0.001901141  0  0.001760563  1  0.004823151  0  0.002008032  
65  data-mining  0  0.001901141  1  0.005281690  0  0.001607717  0  0.002008032  
66  days  1  0.005703422  0  0.001760563  0  0.001607717  0  0.002008032  
67  dead  1  0.005703422  0  0.001760563  0  0.001607717  0  0.002008032  
68  deal  1  0.005703422  0  0.001760563  0  0.001607717  0  0.002008032  
69  demo  0  0.001901141  0  0.001760563  1  0.004823151  0  0.002008032  
70  desktop  1  0.005703422  0  0.001760563  0  0.001607717  0  0.002008032  
71  details  0  0.001901141  0  0.001760563  0  0.001607717  1  0.006024096  
72  developer  1  0.005703422  0  0.001760563  0  0.001607717  0  0.002008032  
73  development  0  0.001901141  1  0.005281690  0  0.001607717  0  0.002008032  
74  dilemma  1  0.005703422  0  0.001760563  0  0.001607717  0  0.002008032  
75  documentation  0  0.001901141  1  0.005281690  0  0.001607717  0  0.002008032  
76  dot-com  1  0.005703422  0  0.001760563  0  0.001607717  0  0.002008032  
77  downmod  0  0.001901141  0  0.001760563  0  0.001607717  1  0.006024096  
78  downvote  0  0.001901141  0  0.001760563  0  0.001607717  1  0.006024096  
79  draws  0  0.001901141  0  0.001760563  1  0.004823151  0  0.002008032  
80  drive  0  0.001901141  0  0.001760563  1  0.004823151  0  0.002008032  
81  early  1  0.005703422  0  0.001760563  0  0.001607717  0  0.002008032  
82  echoed  1  0.005703422  0  0.001760563  0  0.001607717  0  0.002008032  
83  effect  0  0.001901141  1  0.005281690  0  0.001607717  0  0.002008032  
84  encouraging  1  0.005703422  0  0.001760563  0  0.001607717  0  0.002008032  
85  engine  0  0.001901141  0  0.001760563  1  0.004823151  0  0.002008032  
86  episodes  0  0.001901141  1  0.005281690  0  0.001607717  0  0.002008032  
87  ever  1  0.005703422  0  0.001760563  0  0.001607717  0  0.002008032  
88  exercise  0  0.001901141  0  0.001760563  1  0.004823151  0  0.002008032  
89  explicit  0  0.001901141  0  0.001760563  0  0.001607717  1  0.006024096  
90  extraordinary  0  0.001901141  1  0.005281690  0  0.001607717  0  0.002008032  
91  face  0  0.001901141  0  0.001760563  1  0.004823151  0  0.002008032  
92  fame  0  0.001901141  0  0.001760563  1  0.004823151  0  0.002008032  
93  faster  0  0.001901141  0  0.001760563  2  0.008038585  0  0.002008032  
94  favorite  0  0.001901141  2  0.008802817  0  0.001607717  0  0.002008032  
95  favourite  0  0.001901141  0  0.001760563  0  0.001607717  1  0.006024096  
96  featured  1  0.005703422  0  0.001760563  0  0.001607717  0  0.002008032  
97  feld  1  0.005703422  0  0.001760563  0  0.001607717  0  0.002008032  
98  filter  0  0.001901141  1  0.005281690  0  0.001607717  0  0.002008032  
99  find  0  0.001901141  0  0.001760563  1  0.004823151  0  0.002008032  
100  flash  0  0.001901141  1  0.005281690  0  0.001607717  0  0.002008032  
101  format  0  0.001901141  1  0.005281690  0  0.001607717  0  0.002008032  
102  frame  0  0.001901141  0  0.001760563  1  0.004823151  0  0.002008032  
103  framework  0  0.001901141  1  0.005281690  0  0.001607717  0  0.002008032  
104  future  1  0.005703422  0  0.001760563  0  0.001607717  0  0.002008032  
105  gender  0  0.001901141  0  0.001760563  0  0.001607717  1  0.006024096  
106  giving  0  0.001901141  1  0.005281690  0  0.001607717  0  0.002008032  
107  glee  0  0.001901141  0  0.001760563  1  0.004823151  0  0.002008032  
108  gleebox  0  0.001901141  0  0.001760563  1  0.004823151  0  0.002008032  
109  glsl  0  0.001901141  0  0.001760563  1  0.004823151  0  0.002008032  
110  going  1  0.005703422  1  0.005281690  0  0.001607717  0  0.002008032  
111  golf  0  0.001901141  1  0.005281690  0  0.001607717  0  0.002008032  
112  google  2  0.009505703  0  0.001760563  0  0.001607717  0  0.002008032  
113  guide  1  0.005703422  0  0.001760563  0  0.001607717  0  0.002008032  
114  guys  0  0.001901141  1  0.005281690  0  0.001607717  0  0.002008032  
115  hacker  0  0.001901141  0  0.001760563  1  0.004823151  0  0.002008032  
116  hacking  0  0.001901141  0  0.001760563  1  0.004823151  0  0.002008032  
117  haiku  0  0.001901141  0  0.001760563  1  0.004823151  0  0.002008032  
118  handling  0  0.001901141  0  0.001760563  1  0.004823151  0  0.002008032  
119  happen  0  0.001901141  0  0.001760563  0  0.001607717  1  0.006024096  
120  hardest  1  0.005703422  0  0.001760563  0  0.001607717  0  0.002008032  
121  helped  0  0.001901141  0  0.001760563  1  0.004823151  0  0.002008032  
122  hn  0  0.001901141  25  0.089788732  26  0.085209003  0  0.002008032  
123  homepage  0  0.001901141  0  0.001760563  1  0.004823151  0  0.002008032  
124  hooked  0  0.001901141  0  0.001760563  1  0.004823151  0  0.002008032  
125  html  0  0.001901141  0  0.001760563  0  0.001607717  1  0.006024096  
126  illuminate  1  0.005703422  0  0.001760563  0  0.001607717  0  0.002008032  
127  implement  0  0.001901141  1  0.005281690  0  0.001607717  0  0.002008032  
128  inequality  1  0.005703422  0  0.001760563  0  0.001607717  0  0.002008032  
129  inkling  1  0.005703422  0  0.001760563  0  0.001607717  0  0.002008032  
130  insane  0  0.001901141  0  0.001760563  0  0.001607717  1  0.006024096  
131  inspired  0  0.001901141  1  0.005281690  0  0.001607717  0  0.002008032  
132  intelligence  1  0.005703422  0  0.001760563  0  0.001607717  0  0.002008032  
133  interested  0  0.001901141  0  0.001760563  0  0.001607717  1  0.006024096  
134  interview  1  0.005703422  0  0.001760563  1  0.004823151  0  0.002008032  
135  ipo  1  0.005703422  0  0.001760563  0  0.001607717  0  0.002008032  
136  ipod  0  0.001901141  1  0.005281690  0  0.001607717  0  0.002008032  
137  irr  1  0.005703422  0  0.001760563  0  0.001607717  0  0.002008032  
138  jetsetter  0  0.001901141  0  0.001760563  1  0.004823151  0  0.002008032  
139  job  0  0.001901141  0  0.001760563  0  0.001607717  1  0.006024096  
140  journalists  0  0.001901141  0  0.001760563  1  0.004823151  0  0.002008032  
141  jstartup  0  0.001901141  0  0.001760563  1  0.004823151  0  0.002008032  
142  karma  0  0.001901141  0  0.001760563  0  0.001607717  1  0.006024096  
143  keyboard  0  0.001901141  0  0.001760563  1  0.004823151  0  0.002008032  
144  kind  1  0.005703422  0  0.001760563  0  0.001607717  0  0.002008032  
145  know  0  0.001901141  1  0.005281690  0  0.001607717  0  0.002008032  
146  language  0  0.001901141  1  0.005281690  0  0.001607717  0  0.002008032  
147  languages  0  0.001901141  0  0.001760563  0  0.001607717  1  0.006024096  
148  latest  0  0.001901141  0  0.001760563  1  0.004823151  0  0.002008032  
149  launch  0  0.001901141  0  0.001760563  1  0.004823151  0  0.002008032  
150  learn  1  0.005703422  0  0.001760563  0  0.001607717  0  0.002008032  
151  less  1  0.005703422  0  0.001760563  0  0.001607717  0  0.002008032  
152  lessons  1  0.005703422  0  0.001760563  0  0.001607717  0  0.002008032  
153  light  1  0.005703422  0  0.001760563  0  0.001607717  0  0.002008032  
154  likebetter  1  0.005703422  0  0.001760563  0  0.001607717  0  0.002008032  
155  look  0  0.001901141  0  0.001760563  0  0.001607717  1  0.006024096  
156  lurk  0  0.001901141  0  0.001760563  0  0.001607717  1  0.006024096  
157  macheist  0  0.001901141  0  0.001760563  1  0.004823151  0  0.002008032  
158  make  0  0.001901141  1  0.005281690  0  0.001607717  0  0.002008032  
159  managing  0  0.001901141  0  0.001760563  1  0.004823151  0  0.002008032  
160  markets  1  0.005703422  0  0.001760563  0  0.001607717  0  0.002008032  
161  meet  0  0.001901141  0  0.001760563  1  0.004823151  0  0.002008032  
162  membership  0  0.001901141  1  0.005281690  0  0.001607717  0  0.002008032  
163  message  0  0.001901141  0  0.001760563  1  0.004823151  0  0.002008032  
164  metal  0  0.001901141  0  0.001760563  0  0.001607717  1  0.006024096  
165  metrics  0  0.001901141  1  0.005281690  0  0.001607717  0  0.002008032  
166  minute  0  0.001901141  0  0.001760563  1  0.004823151  0  0.002008032  
167  mouse  0  0.001901141  0  0.001760563  0  0.001607717  1  0.006024096  
168  mp3  0  0.001901141  1  0.005281690  0  0.001607717  0  0.002008032  
169  myspace  1  0.005703422  0  0.001760563  0  0.001607717  0  0.002008032  
170  native  0  0.001901141  0  0.001760563  1  0.004823151  0  0.002008032  
171  ndas  1  0.005703422  0  0.001760563  0  0.001607717  0  0.002008032  
172  network  1  0.005703422  0  0.001760563  0  0.001607717  0  0.002008032  
173  new  2  0.009505703  0  0.001760563  3  0.011254019  0  0.002008032  
174  news  0  0.001901141  0  0.001760563  2  0.008038585  1  0.006024096  
175  newsyc  0  0.001901141  1  0.005281690  0  0.001607717  2  0.010040161  
176  next  0  0.001901141  1  0.005281690  1  0.004823151  0  0.002008032  
177  nifty  0  0.001901141  0  0.001760563  1  0.004823151  0  0.002008032  
178  nodejs  0  0.001901141  0  0.001760563  1  0.004823151  0  0.002008032  
179  notepad  1  0.005703422  0  0.001760563  0  0.001607717  0  0.002008032  
180  novel  0  0.001901141  1  0.005281690  0  0.001607717  0  0.002008032  
181  nyc  1  0.005703422  0  0.001760563  0  0.001607717  0  0.002008032  
182  obliged  0  0.001901141  0  0.001760563  0  0.001607717  1  0.006024096  
183  ok  0  0.001901141  0  0.001760563  0  0.001607717  1  0.006024096  
184  on-the-fly  0  0.001901141  0  0.001760563  0  0.001607717  1  0.006024096  
185  one  0  0.001901141  0  0.001760563  1  0.004823151  0  0.002008032  
186  online  1  0.005703422  0  0.001760563  1  0.004823151  0  0.002008032  
187  open  0  0.001901141  1  0.005281690  0  0.001607717  0  0.002008032  
188  openid  0  0.001901141  1  0.005281690  0  0.001607717  0  0.002008032  
189  organiser  1  0.005703422  0  0.001760563  0  0.001607717  0  0.002008032  
190  owners  0  0.001901141  1  0.005281690  0  0.001607717  0  0.002008032  
191  participation  1  0.005703422  0  0.001760563  0  0.001607717  0  0.002008032  
192  pastebin  0  0.001901141  0  0.001760563  1  0.004823151  0  0.002008032  
193  patchbincom  0  0.001901141  0  0.001760563  1  0.004823151  0  0.002008032  
194  patches  0  0.001901141  0  0.001760563  1  0.004823151  0  0.002008032  
195  pedal  0  0.001901141  0  0.001760563  1  0.004823151  0  0.002008032  
196  people  0  0.001901141  1  0.005281690  1  0.004823151  1  0.006024096  
197  perl  0  0.001901141  0  0.001760563  1  0.004823151  0  0.002008032  
198  pet  0  0.001901141  0  0.001760563  1  0.004823151  0  0.002008032  
199  photos  1  0.005703422  0  0.001760563  0  0.001607717  0  0.002008032  
200  photoshow  1  0.005703422  0  0.001760563  0  0.001607717  0  0.002008032  
201  pitch  0  0.001901141  1  0.005281690  0  0.001607717  0  0.002008032  
202  play  0  0.001901141  1  0.005281690  0  0.001607717  0  0.002008032  
203  player  0  0.001901141  1  0.005281690  0  0.001607717  0  0.002008032  
204  pligg  0  0.001901141  0  0.001760563  1  0.004823151  0  0.002008032  
205  podcast  0  0.001901141  1  0.005281690  0  0.001607717  0  0.002008032  
206  policies  0  0.001901141  1  0.005281690  0  0.001607717  0  0.002008032  
207  poll  0  0.001901141  0  0.001760563  0  0.001607717  25  0.102409639  
208  polls  0  0.001901141  0  0.001760563  0  0.001607717  3  0.014056225  
209  prediction  1  0.005703422  0  0.001760563  0  0.001607717  0  0.002008032  
210  privacy  0  0.001901141  1  0.005281690  0  0.001607717  0  0.002008032  
211  project  0  0.001901141  0  0.001760563  5  0.017684887  0  0.002008032  
212  projects  0  0.001901141  0  0.001760563  1  0.004823151  0  0.002008032  
213  purely  1  0.005703422  0  0.001760563  0  0.001607717  0  0.002008032  
214  pydroid  0  0.001901141  0  0.001760563  1  0.004823151  0  0.002008032  
215  python  0  0.001901141  1  0.005281690  0  0.001607717  0  0.002008032  
216  question  1  0.005703422  1  0.005281690  0  0.001607717  0  0.002008032  
217  raises  1  0.005703422  1  0.005281690  0  0.001607717  0  0.002008032  
218  recognition  0  0.001901141  0  0.001760563  1  0.004823151  0  0.002008032  
219  recruiter  0  0.001901141  1  0.005281690  0  0.001607717  0  0.002008032  
220  regarding  1  0.005703422  0  0.001760563  0  0.001607717  0  0.002008032  
221  relevant  0  0.001901141  0  0.001760563  0  0.001607717  1  0.006024096  
222  review  0  0.001901141  0  0.001760563  1  0.004823151  0  0.002008032  
223  rosen  1  0.005703422  0  0.001760563  0  0.001607717  0  0.002008032  
224  round  0  0.001901141  1  0.005281690  0  0.001607717  0  0.002008032  
225  running  0  0.001901141  1  0.005281690  0  0.001607717  1  0.006024096  
226  s2008  0  0.001901141  1  0.005281690  0  0.001607717  0  0.002008032  
227  salaries  1  0.005703422  0  0.001760563  0  0.001607717  0  0.002008032  
228  scratchtop  1  0.005703422  0  0.001760563  0  0.001607717  0  0.002008032  
229  script  0  0.001901141  1  0.005281690  1  0.004823151  0  0.002008032  
230  scrybe  1  0.005703422  0  0.001760563  0  0.001607717  0  0.002008032  
231  series  0  0.001901141  1  0.005281690  0  0.001607717  0  0.002008032  
232  sevin  1  0.005703422  0  0.001760563  0  0.001607717  0  0.002008032  
233  share  0  0.001901141  1  0.005281690  0  0.001607717  1  0.006024096  
234  shovebox  0  0.001901141  0  0.001760563  1  0.004823151  0  0.002008032  
235  show  0  0.001901141  0  0.001760563  27  0.088424437  0  0.002008032  
236  sick  0  0.001901141  1  0.005281690  0  0.001607717  0  0.002008032  
237  side  0  0.001901141  1  0.005281690  0  0.001607717  0  0.002008032  
238  silicon  1  0.005703422  0  0.001760563  0  0.001607717  0  0.002008032  
239  site  0  0.001901141  1  0.005281690  0  0.001607717  0  0.002008032  
240  small  1  0.005703422  0  0.001760563  0  0.001607717  0  0.002008032  
241  smart  0  0.001901141  0  0.001760563  0  0.001607717  1  0.006024096  
242  sms  0  0.001901141  0  0.001760563  1  0.004823151  0  0.002008032  
243  snake-implemetation  0  0.001901141  0  0.001760563  1  0.004823151  0  0.002008032  
244  social  1  0.005703422  0  0.001760563  0  0.001607717  0  0.002008032  
245  sockpuppets  0  0.001901141  1  0.005281690  0  0.001607717  0  0.002008032  
246  software  1  0.005703422  0  0.001760563  0  0.001607717  0  0.002008032  
247  someone  0  0.001901141  0  0.001760563  0  0.001607717  1  0.006024096  
248  sony  0  0.001901141  1  0.005281690  0  0.001607717  0  0.002008032  
249  source  0  0.001901141  1  0.005281690  1  0.004823151  0  0.002008032  
250  spec  0  0.001901141  0  0.001760563  1  0.004823151  0  0.002008032  
251  speckle  0  0.001901141  0  0.001760563  1  0.004823151  0  0.002008032  
252  stand  0  0.001901141  1  0.005281690  0  0.001607717  0  0.002008032  
253  start  1  0.005703422  1  0.005281690  0  0.001607717  0  0.002008032  
254  startup  0  0.001901141  1  0.005281690  0  0.001607717  3  0.014056225  
255  startups  2  0.009505703  1  0.005281690  0  0.001607717  0  0.002008032  
256  stock  0  0.001901141  1  0.005281690  0  0.001607717  0  0.002008032  
257  stories  0  0.001901141  0  0.001760563  0  0.001607717  1  0.006024096  
258  story  1  0.005703422  0  0.001760563  0  0.001607717  0  0.002008032  
259  students  1  0.005703422  0  0.001760563  0  0.001607717  0  0.002008032  
260  submit  0  0.001901141  0  0.001760563  0  0.001607717  1  0.006024096  
261  successful  1  0.005703422  0  0.001760563  0  0.001607717  1  0.006024096  
262  support  0  0.001901141  0  0.001760563  0  0.001607717  1  0.006024096  
263  taught  0  0.001901141  0  0.001760563  1  0.004823151  0  0.002008032  
264  tech  0  0.001901141  1  0.005281690  0  0.001607717  0  0.002008032  
265  testing  0  0.001901141  0  0.001760563  1  0.004823151  0  0.002008032  
266  text  0  0.001901141  0  0.001760563  1  0.004823151  0  0.002008032  
267  thoughts  0  0.001901141  0  0.001760563  1  0.004823151  0  0.002008032  
268  times  1  0.005703422  0  0.001760563  0  0.001607717  0  0.002008032  
269  tonight  1  0.005703422  0  0.001760563  0  0.001607717  0  0.002008032  
270  trackball  0  0.001901141  0  0.001760563  0  0.001607717  1  0.006024096  
271  trackpad  0  0.001901141  0  0.001760563  0  0.001607717  1  0.006024096  
272  traffic  0  0.001901141  0  0.001760563  1  0.004823151  0  0.002008032  
273  trolling  0  0.001901141  0  0.001760563  0  0.001607717  1  0.006024096  
274  turns  0  0.001901141  0  0.001760563  1  0.004823151  0  0.002008032  
275  tv  2  0.009505703  0  0.001760563  1  0.004823151  0  0.002008032  
276  twilio  0  0.001901141  0  0.001760563  1  0.004823151  0  0.002008032  
277  unfunds  1  0.005703422  0  0.001760563  0  0.001607717  0  0.002008032  
278  unit  0  0.001901141  0  0.001760563  1  0.004823151  0  0.002008032  
279  upmod  0  0.001901141  0  0.001760563  0  0.001607717  1  0.006024096  
280  upvote  0  0.001901141  0  0.001760563  0  0.001607717  1  0.006024096  
281  users  1  0.005703422  0  0.001760563  0  0.001607717  0  0.002008032  
282  using  0  0.001901141  0  0.001760563  0  0.001607717  1  0.006024096  
283  valleywag  0  0.001901141  0  0.001760563  0  0.001607717  1  0.006024096  
284  vc  0  0.001901141  1  0.005281690  0  0.001607717  0  0.002008032  
285  vc-backed  1  0.005703422  0  0.001760563  0  0.001607717  0  0.002008032  
286  viral  1  0.005703422  0  0.001760563  0  0.001607717  0  0.002008032  
287  virtual  1  0.005703422  0  0.001760563  0  0.001607717  0  0.002008032  
288  virtualized  0  0.001901141  0  0.001760563  0  0.001607717  1  0.006024096  
289  voddler  1  0.005703422  0  0.001760563  0  0.001607717  0  0.002008032  
290  vs2010  0  0.001901141  0  0.001760563  1  0.004823151  0  0.002008032  
291  want  0  0.001901141  1  0.005281690  0  0.001607717  0  0.002008032  
292  way  1  0.005703422  0  0.001760563  0  0.001607717  0  0.002008032  
293  web  1  0.005703422  1  0.005281690  1  0.004823151  0  0.002008032  
294  webapp  0  0.001901141  1  0.005281690  0  0.001607717  1  0.006024096  
295  weed  0  0.001901141  1  0.005281690  0  0.001607717  0  0.002008032  
296  weekend  1  0.005703422  0  0.001760563  3  0.011254019  0  0.002008032  
297  weekendr  1  0.005703422  0  0.001760563  0  0.001607717  0  0.002008032  
298  whats  0  0.001901141  0  0.001760563  0  0.001607717  1  0.006024096  
299  wired  1  0.005703422  0  0.001760563  0  0.001607717  0  0.002008032  
300  woah  1  0.005703422  0  0.001760563  0  0.001607717  0  0.002008032  
301  world  0  0.001901141  0  0.001760563  0  0.001607717  1  0.006024096  
302  woz  1  0.005703422  0  0.001760563  0  0.001607717  0  0.002008032  
303  wrote  0  0.001901141  0  0.001760563  1  0.004823151  0  0.002008032  
304  xbox  0  0.001901141  0  0.001760563  1  0.004823151  0  0.002008032  
305  yc  0  0.001901141  0  0.001760563  0  0.001607717  3  0.014056225  
306  ycnews  0  0.001901141  0  0.001760563  0  0.001607717  1  0.006024096  
307  york  1  0.005703422  0  0.001760563  0  0.001607717  0  0.002008032  
308  youtube  4  0.017110266  0  0.001760563  0  0.001607717  0  0.002008032  
